27
11
0 1 3
0 1 6
0 1 7
0 1 8
0 1 10
0 2 4
0 2 7
0 2 8
0 2 10
0 3 4
0 3 5
0 3 9
0 3 10
0 4 5
0 4 7
0 4 8
0 5 6
0 5 7
0 5 8
0 5 10
0 6 7
0 6 10
0 7 9
0 7 10
0 8 10
1 2 3
1 2 4
1 2 6
1 2 7
1 2 8
1 2 9
1 2 10
1 3 5
1 3 7
1 3 9
1 3 10
1 4 5
1 5 6
1 5 9
1 5 10
1 6 7
1 6 8
1 7 8
1 9 10
2 3 4
2 3 5
2 3 7
2 3 8
2 3 9
2 3 10
2 4 6
2 4 7
2 4 10
2 5 7
2 5 8
2 5 9
2 6 8
2 6 9
2 6 10
2 7 8
2 7 9
2 7 10
2 8 10
3 4 7
3 4 9
3 5 6
3 5 8
3 5 9
3 6 7
3 6 8
3 6 9
3 6 10
3 7 8
3 8 9
3 9 10
4 5 8
4 5 10
4 6 7
4 6 8
4 6 10
4 7 8
4 7 9
4 8 9
5 6 8
5 7 8
5 8 10
5 9 10
6 7 8
6 7 10
6 8 10
6 9 10
