152
18
0 1 5
0 1 11
0 1 12
0 1 13
0 1 16
0 2 3
0 2 5
0 2 7
0 2 11
0 2 12
0 2 13
0 2 14
0 2 17
0 3 4
0 3 5
0 3 11
0 3 12
0 3 13
0 3 14
0 4 6
0 4 8
0 4 9
0 4 10
0 4 11
0 4 12
0 4 13
0 4 14
0 5 6
0 5 8
0 5 9
0 5 12
0 5 14
0 5 16
0 5 17
0 6 8
0 6 11
0 6 12
0 6 14
0 6 17
0 7 9
0 7 10
0 7 12
0 7 15
0 8 9
0 8 11
0 8 12
0 8 13
0 9 12
0 9 13
0 9 14
0 10 11
0 10 15
0 10 16
0 10 17
0 11 12
0 11 16
0 11 17
0 12 13
0 12 14
0 12 15
0 12 17
0 13 14
0 13 16
0 13 17
0 14 15
0 14 16
0 15 17
1 2 4
1 2 5
1 2 6
1 2 7
1 2 8
1 2 10
1 2 14
1 2 15
1 2 16
1 2 17
1 3 4
1 3 5
1 3 10
1 3 11
1 3 13
1 3 14
1 4 5
1 4 7
1 4 9
1 4 16
1 4 17
1 5 10
1 5 11
1 5 14
1 5 16
1 6 7
1 6 8
1 6 9
1 6 12
1 6 16
1 6 17
1 7 9
1 7 10
1 7 11
1 7 12
1 7 13
1 7 15
1 8 10
1 8 12
1 8 17
1 9 10
1 9 13
1 9 14
1 9 15
1 9 17
1 10 11
1 10 14
1 11 13
1 11 16
1 11 17
1 12 14
1 12 15
1 12 17
1 13 16
1 13 17
1 14 15
1 14 17
1 15 16
1 15 17
2 3 4
2 3 5
2 3 6
2 3 9
2 3 10
2 3 11
2 3 13
2 3 16
2 4 5
2 4 6
2 4 7
2 4 9
2 4 10
2 4 12
2 4 13
2 4 15
2 5 6
2 5 9
2 5 11
2 5 12
2 5 16
2 5 17
2 6 7
2 6 9
2 6 10
2 6 15
2 7 14
2 7 16
2 8 12
2 8 13
2 8 15
2 8 16
2 8 17
2 9 10
2 9 11
2 9 13
2 9 14
2 9 16
2 10 13
2 10 14
2 10 15
2 10 17
2 11 13
2 11 15
2 11 16
2 11 17
2 12 14
2 12 15
2 12 16
2 13 15
2 14 16
2 14 17
2 15 17
2 16 17
3 4 6
3 4 9
3 4 10
3 4 11
3 4 12
3 4 13
3 5 8
3 5 9
3 5 12
3 5 16
3 5 17
3 6 7
3 6 8
3 6 9
3 6 11
3 6 12
3 6 13
3 6 14
3 7 12
3 7 13
3 7 16
3 7 17
3 8 10
3 8 11
3 8 12
3 8 15
3 8 16
3 8 17
3 9 10
3 9 11
3 9 14
3 9 16
3 10 12
3 10 14
3 10 15
3 10 16
3 10 17
3 11 13
3 11 16
3 11 17
3 12 14
3 12 15
3 12 16
3 12 17
3 13 14
3 13 15
3 13 16
3 14 15
3 14 16
3 15 17
4 5 6
4 5 7
4 5 8
4 5 12
4 5 13
4 5 14
4 5 15
4 6 7
4 6 9
4 6 10
4 6 12
4 6 13
4 6 14
4 6 15
4 7 8
4 7 9
4 7 12
4 7 14
4 7 15
4 7 17
4 8 9
4 8 10
4 8 12
4 8 13
4 8 14
4 9 10
4 9 11
4 9 12
4 9 13
4 9 15
4 9 16
4 10 12
4 10 13
4 10 14
4 10 15
4 11 12
4 11 13
4 11 15
4 11 17
4 12 13
4 12 17
4 13 15
4 13 17
4 15 16
4 15 17
5 6 9
5 6 10
5 6 13
5 6 14
5 6 16
5 7 8
5 7 9
5 7 10
5 7 12
5 7 13
5 7 14
5 7 17
5 8 9
5 8 12
5 8 13
5 8 14
5 8 15
5 8 16
5 8 17
5 10 11
5 10 12
5 10 13
5 10 16
5 11 13
5 11 15
5 12 15
5 12 16
5 13 15
5 13 16
5 13 17
5 14 15
5 14 16
5 14 17
5 15 16
5 15 17
5 16 17
6 7 10
6 7 13
6 7 14
6 7 16
6 7 17
6 8 12
6 8 14
6 8 15
6 8 17
6 9 16
6 9 17
6 10 11
6 10 12
6 10 14
6 10 17
6 11 12
6 11 13
6 11 14
6 11 16
6 11 17
6 12 16
6 12 17
6 13 14
6 13 16
6 13 17
6 14 16
6 15 17
6 16 17
7 8 10
7 8 12
7 8 13
7 8 14
7 8 15
7 8 16
7 8 17
7 9 14
7 9 15
7 9 16
7 10 12
7 10 13
7 10 14
7 10 15
7 11 12
7 11 14
7 11 15
7 11 17
7 12 13
7 12 14
7 13 14
7 13 16
7 13 17
7 14 17
7 16 17
8 9 11
8 9 12
8 9 13
8 9 16
8 9 17
8 10 11
8 10 13
8 10 14
8 10 15
8 10 16
8 10 17
8 11 13
8 11 15
8 12 13
8 12 16
8 13 15
8 13 16
8 13 17
8 14 15
8 14 16
8 14 17
8 15 16
9 10 11
9 10 13
9 10 14
9 10 16
9 10 17
9 11 12
9 11 13
9 11 15
9 11 16
9 11 17
9 13 14
9 14 15
9 14 16
9 14 17
9 15 17
9 16 17
10 11 13
10 11 14
10 11 16
10 11 17
10 12 13
10 12 14
10 12 15
10 13 14
10 13 16
10 14 15
10 14 16
10 14 17
10 15 16
10 15 17
10 16 17
11 12 16
11 13 14
11 13 16
11 14 15
11 14 16
11 14 17
11 15 16
11 15 17
11 16 17
12 13 14
12 13 16
12 14 17
13 14 15
13 16 17
14 15 16
14 15 17
14 16 17
