79
14
0 1 3
0 1 4
0 1 5
0 1 7
0 1 10
0 1 12
0 1 13
0 2 4
0 2 8
0 2 10
0 2 11
0 3 6
0 3 7
0 3 8
0 3 10
0 3 13
0 4 7
0 4 8
0 4 12
0 5 7
0 5 9
0 5 11
0 5 12
0 6 7
0 6 8
0 6 10
0 6 11
0 6 12
0 6 13
0 7 12
0 7 13
0 8 10
0 8 11
0 8 12
0 8 13
0 9 11
1 2 4
1 2 6
1 2 9
1 2 10
1 2 12
1 2 13
1 3 4
1 3 5
1 3 10
1 3 11
1 3 12
1 3 13
1 4 5
1 4 8
1 4 9
1 4 10
1 4 11
1 4 13
1 5 6
1 5 8
1 5 9
1 6 7
1 6 9
1 7 9
1 7 13
1 8 9
1 8 13
1 9 11
1 9 13
1 10 11
1 10 12
1 11 12
1 11 13
2 3 4
2 3 5
2 3 8
2 3 10
2 3 11
2 3 13
2 4 6
2 4 7
2 4 9
2 5 8
2 5 13
2 6 10
2 6 13
2 7 12
2 7 13
2 8 10
2 8 12
2 9 11
2 9 13
2 10 11
2 10 12
2 12 13
3 4 6
3 4 7
3 4 10
3 4 11
3 4 13
3 5 6
3 5 7
3 5 9
3 5 10
3 5 11
3 6 8
3 6 11
3 6 12
3 7 8
3 7 10
3 7 12
3 7 13
3 8 9
3 8 11
3 9 11
3 11 12
4 5 7
4 5 9
4 5 12
4 5 13
4 6 8
4 6 11
4 6 12
4 6 13
4 7 9
4 7 11
4 7 13
4 8 9
4 8 10
4 8 11
4 9 10
4 9 11
4 9 12
4 9 13
4 10 11
4 11 12
4 11 13
4 12 13
5 6 9
5 6 10
5 6 12
5 7 12
5 8 9
5 8 10
5 9 10
5 9 11
5 9 12
5 9 13
5 10 11
5 10 13
5 12 13
6 7 8
6 7 10
6 7 11
6 8 9
6 8 10
6 8 11
6 8 12
6 8 13
6 9 13
6 10 12
6 11 12
6 12 13
7 8 9
7 8 12
7 8 13
7 9 10
7 9 12
8 9 10
8 9 13
8 10 12
8 10 13
8 11 12
8 12 13
9 10 13
9 11 12
9 12 13
10 11 12
10 11 13
