346
20
0 1 5
0 1 6
0 1 8
0 1 9
0 1 11
0 1 12
0 1 16
0 1 17
0 1 18
0 1 19
0 2 3
0 2 6
0 2 7
0 2 12
0 2 13
0 2 14
0 2 19
0 3 7
0 4 6
0 4 9
0 4 11
0 4 12
0 4 14
0 4 16
0 5 7
0 5 8
0 5 9
0 5 10
0 5 11
0 5 12
0 5 15
0 5 17
0 5 18
0 5 19
0 6 8
0 6 10
0 6 11
0 6 12
0 6 13
0 6 14
0 6 17
0 7 8
0 7 9
0 7 10
0 7 13
0 7 14
0 7 16
0 7 17
0 7 18
0 8 14
0 8 16
0 8 19
0 9 10
0 9 11
0 9 14
0 9 19
0 10 11
0 10 13
0 10 14
0 10 15
0 10 16
0 10 17
0 10 18
0 10 19
0 11 12
0 11 13
0 11 14
0 11 15
0 11 17
0 11 18
0 12 13
0 12 15
0 12 16
0 13 14
0 13 15
0 13 19
0 14 15
0 14 16
0 14 19
0 15 17
0 15 18
0 15 19
0 16 17
0 16 18
0 16 19
0 17 18
0 17 19
0 18 19
1 2 3
1 2 6
1 2 8
1 2 9
1 2 10
1 2 11
1 2 13
1 2 15
1 2 16
1 2 17
1 2 18
1 3 4
1 3 5
1 3 6
1 3 7
1 3 9
1 3 11
1 3 14
1 3 15
1 3 18
1 3 19
1 4 5
1 4 6
1 4 7
1 4 9
1 4 10
1 4 11
1 4 14
1 4 16
1 4 17
1 4 19
1 5 6
1 5 7
1 5 9
1 5 11
1 5 12
1 5 13
1 5 14
1 5 16
1 5 17
1 6 7
1 6 10
1 6 13
1 6 14
1 6 16
1 6 18
1 7 8
1 7 9
1 7 11
1 7 13
1 7 14
1 7 16
1 7 17
1 7 19
1 8 9
1 8 14
1 8 15
1 8 17
1 8 19
1 9 12
1 9 13
1 9 14
1 9 15
1 9 16
1 9 19
1 10 13
1 10 15
1 10 17
1 10 19
1 11 12
1 11 14
1 11 16
1 11 18
1 12 14
1 12 15
1 12 18
1 12 19
1 13 17
1 13 18
1 14 15
1 14 16
1 14 17
1 15 17
1 17 19
2 3 4
2 3 9
2 3 11
2 3 15
2 3 16
2 3 17
2 3 18
2 4 8
2 4 9
2 4 10
2 4 17
2 5 8
2 5 11
2 5 13
2 5 14
2 5 15
2 5 16
2 6 7
2 6 9
2 6 10
2 6 11
2 6 17
2 7 9
2 7 10
2 7 17
2 7 18
2 8 12
2 8 15
2 8 16
2 8 17
2 9 10
2 9 13
2 9 14
2 9 16
2 9 18
2 10 11
2 10 14
2 10 18
2 10 19
2 11 12
2 11 14
2 11 15
2 11 17
2 11 18
2 12 16
2 12 19
2 13 14
2 13 15
2 14 15
2 14 17
2 14 18
2 14 19
2 16 17
2 16 18
3 4 5
3 4 7
3 4 8
3 4 9
3 4 13
3 4 16
3 4 18
3 5 6
3 5 8
3 5 9
3 5 10
3 5 13
3 5 16
3 5 17
3 5 19
3 6 7
3 6 8
3 6 10
3 6 12
3 6 13
3 6 14
3 6 15
3 6 16
3 6 19
3 7 8
3 7 12
3 7 13
3 7 15
3 7 17
3 8 10
3 8 11
3 8 14
3 8 15
3 9 12
3 9 15
3 9 16
3 9 17
3 9 18
3 10 11
3 10 12
3 10 13
3 10 14
3 10 18
3 11 12
3 11 13
3 11 15
3 11 16
3 11 19
3 12 13
3 12 14
3 12 16
3 12 17
3 13 15
3 13 17
3 13 19
3 14 15
3 14 17
3 15 18
3 15 19
3 16 17
3 16 19
3 17 19
4 5 8
4 5 9
4 5 11
4 5 12
4 5 18
4 6 9
4 6 10
4 6 11
4 6 12
4 6 13
4 6 14
4 6 15
4 6 17
4 6 18
4 6 19
4 7 13
4 7 14
4 7 15
4 7 18
4 7 19
4 8 12
4 8 13
4 8 14
4 8 15
4 8 16
4 8 19
4 9 12
4 9 15
4 9 16
4 9 17
4 10 11
4 10 13
4 10 16
4 11 12
4 11 18
4 11 19
4 12 14
4 12 16
4 12 17
4 13 14
4 13 15
4 13 16
4 13 17
4 14 15
4 14 18
4 14 19
4 15 16
4 15 18
4 15 19
4 16 18
4 17 19
4 18 19
5 6 7
5 6 10
5 6 11
5 6 12
5 6 14
5 6 15
5 6 17
5 6 18
5 6 19
5 7 8
5 7 9
5 7 13
5 7 17
5 7 19
5 8 9
5 8 12
5 8 14
5 8 16
5 8 18
5 8 19
5 9 10
5 9 11
5 9 12
5 9 17
5 9 19
5 10 11
5 10 17
5 10 18
5 11 13
5 11 14
5 11 17
5 11 18
5 11 19
5 12 19
5 13 15
5 13 16
5 13 18
5 13 19
5 14 16
5 14 17
5 14 19
5 15 18
5 16 17
5 16 18
5 16 19
6 7 12
6 7 13
6 7 14
6 7 16
6 7 19
6 8 11
6 8 12
6 8 13
6 8 16
6 8 18
6 8 19
6 9 10
6 9 11
6 9 13
6 9 15
6 9 17
6 9 18
6 9 19
6 10 12
6 10 13
6 10 15
6 10 17
6 10 19
6 11 15
6 11 16
6 11 17
6 12 13
6 12 14
6 12 18
6 12 19
6 13 14
6 13 15
6 13 16
6 13 17
6 13 18
6 14 15
6 14 16
6 14 19
6 15 16
6 15 18
6 15 19
6 16 19
6 18 19
7 8 9
7 8 10
7 8 11
7 8 14
7 8 15
7 8 16
7 8 18
7 8 19
7 9 10
7 9 11
7 9 12
7 9 13
7 9 14
7 9 15
7 9 17
7 9 18
7 10 11
7 10 12
7 10 13
7 10 15
7 10 17
7 10 19
7 11 12
7 11 14
7 11 15
7 11 17
7 11 19
7 12 14
7 12 15
7 12 17
7 13 16
7 13 17
7 14 18
7 14 19
7 15 16
7 15 17
7 15 18
7 16 19
7 18 19
8 9 10
8 9 12
8 9 13
8 9 15
8 9 16
8 9 17
8 9 18
8 10 13
8 10 17
8 10 18
8 10 19
8 11 14
8 11 15
8 11 17
8 11 18
8 12 13
8 12 14
8 12 15
8 12 16
8 12 18
8 13 14
8 13 17
8 13 18
8 14 19
9 10 13
9 10 18
9 11 14
9 11 15
9 11 17
9 11 18
9 12 13
9 12 15
9 12 17
9 12 19
9 13 15
9 13 18
9 14 16
9 14 17
9 14 18
9 14 19
9 15 19
9 16 18
9 16 19
9 17 18
9 17 19
9 18 19
10 11 13
10 11 17
10 12 13
10 12 18
10 13 14
10 13 15
10 13 18
10 13 19
10 14 15
10 14 16
10 14 19
10 15 16
10 15 17
10 15 18
10 15 19
10 16 17
10 17 19
10 18 19
11 12 13
11 12 16
11 13 15
11 13 16
11 14 15
11 14 16
11 14 17
11 14 18
11 14 19
11 15 16
11 15 19
11 16 17
11 16 19
12 13 14
12 13 15
12 13 16
12 14 15
12 14 18
12 14 19
12 15 16
12 15 19
12 17 18
12 18 19
13 14 16
13 15 16
13 15 17
13 15 19
13 16 18
13 17 18
14 15 17
14 15 18
14 16 19
14 17 18
15 16 17
15 17 18
15 17 19
15 18 19
