28
13
0 1 3
0 1 4
0 1 7
0 1 9
0 2 3
0 2 4
0 2 6
0 2 11
0 2 12
0 3 4
0 3 5
0 3 7
0 3 8
0 4 6
0 4 8
0 4 10
0 4 12
0 5 6
0 5 7
0 5 9
0 5 10
0 5 12
0 6 8
0 7 9
0 7 10
0 8 9
0 8 11
0 9 10
0 9 11
0 11 12
1 2 5
1 2 6
1 2 9
1 2 11
1 3 7
1 3 8
1 3 9
1 3 10
1 3 11
1 3 12
1 4 7
1 4 9
1 4 10
1 5 11
1 5 12
1 6 7
1 6 8
1 6 12
1 7 8
1 7 11
1 8 10
1 8 11
1 9 11
2 3 5
2 3 6
2 3 8
2 3 9
2 3 12
2 4 5
2 4 7
2 4 8
2 4 9
2 4 10
2 5 6
2 5 7
2 6 7
2 6 10
2 6 11
2 6 12
2 7 9
2 7 12
2 8 9
2 8 10
2 8 11
2 8 12
2 9 10
2 10 11
3 4 5
3 4 7
3 5 6
3 5 12
3 6 8
3 6 9
3 7 8
3 7 9
3 7 10
3 7 11
3 7 12
3 8 10
3 8 11
3 8 12
3 9 11
3 10 11
4 5 6
4 5 9
4 5 10
4 5 11
4 5 12
4 6 7
4 6 10
4 6 12
4 7 9
4 7 12
4 9 10
4 9 11
4 9 12
4 10 12
4 11 12
5 6 7
5 6 8
5 6 10
5 6 11
5 7 9
5 7 11
5 8 11
5 8 12
5 9 12
5 10 12
5 11 12
6 7 8
6 7 10
6 7 11
6 7 12
6 8 9
6 8 10
6 8 11
6 8 12
6 10 11
6 10 12
7 8 12
7 9 12
7 11 12
8 9 10
8 9 12
8 10 11
8 11 12
9 10 11
9 11 12
